1 0 0 0 0 0 0 0 0 0 
2 1 0 0 0 0 0 0 0 0 
3 3 1 0 0 0 0 0 0 0 
4 6 4 1 0 0 0 0 0 0 
5 10 10 5 1 0 0 0 0 0 
6 15 20 15 6 1 0 0 0 0 
7 21 35 35 21 7 1 0 0 0 
8 28 56 70 56 28 8 1 0 0 
9 36 84 126 126 84 36 9 1 0 
10 45 120 210 252 210 120 45 10 1 
11 55 165 330 462 462 330 165 55 11 
12 66 220 495 792 924 792 495 220 66 
13 78 286 715 1287 1716 1716 1287 715 286 
14 91 364 1001 2002 3003 3432 3003 2002 1001 
15 105 455 1365 3003 5005 6435 6435 5005 3003 
16 120 560 1820 4368 8008 11440 12870 11440 8008 
17 136 680 2380 6188 12376 19448 24310 24310 19448 
18 153 816 3060 8568 18564 31824 43758 48620 43758 
19 171 969 3876 11628 27132 50388 75582 92378 92378 
20 190 1140 4845 15504 38760 77520 125970 167960 184756 
21 210 1330 5985 20349 54264 116280 203490 293930 352716 
22 231 1540 7315 26334 74613 170544 319770 497420 646646 
23 253 1771 8855 33649 100947 245157 490314 817190 1144066 
24 276 2024 10626 42504 134596 346104 735471 1307504 1961256 
25 300 2300 12650 53130 177100 480700 1081575 2042975 3268760 
26 325 2600 14950 65780 230230 657800 1562275 3124550 5311735 
27 351 2925 17550 80730 296010 888030 2220075 4686825 8436285 
28 378 3276 20475 98280 376740 1184040 3108105 6906900 13123110 
29 406 3654 23751 118755 475020 1560780 4292145 10015005 20030010 
30 435 4060 27405 142506 593775 2035800 5852925 14307150 30045015 
31 465 4495 31465 169911 736281 2629575 7888725 20160075 44352165 
32 496 4960 35960 201376 906192 3365856 10518300 28048800 64512240 
33 528 5456 40920 237336 1107568 4272048 13884156 38567100 92561040 
34 561 5984 46376 278256 1344904 5379616 18156204 52451256 131128140 
35 595 6545 52360 324632 1623160 6724520 23535820 70607460 183579396 
36 630 7140 58905 376992 1947792 8347680 30260340 94143280 254186856 
37 666 7770 66045 435897 2324784 10295472 38608020 124403620 348330136 
38 703 8436 73815 501942 2760681 12620256 48903492 163011640 472733756 
39 741 9139 82251 575757 3262623 15380937 61523748 211915132 635745396 
40 780 9880 91390 658008 3838380 18643560 76904685 273438880 847660528 
41 820 10660 101270 749398 4496388 22481940 95548245 350343565 1121099408 
42 861 11480 111930 850668 5245786 26978328 118030185 445891810 1471442973 
43 903 12341 123410 962598 6096454 32224114 145008513 563921995 1917334783 
44 946 13244 135751 1086008 7059052 38320568 177232627 708930508 2481256778 
45 990 14190 148995 1221759 8145060 45379620 215553195 886163135 3190187286 
46 1035 15180 163185 1370754 9366819 53524680 260932815 1101716330 4076350421 
47 1081 16215 178365 1533939 10737573 62891499 314457495 1362649145 5178066751 
48 1128 17296 194580 1712304 12271512 73629072 377348994 1677106640 6540715896 
49 1176 18424 211876 1906884 13983816 85900584 450978066 2054455634 8217822536 
50 1225 19600 230300 2118760 15890700 99884400 536878650 2505433700 10272278170 
51 1275 20825 249900 2349060 18009460 115775100 636763050 3042312350 12777711870 
52 1326 22100 270725 2598960 20358520 133784560 752538150 3679075400 15820024220 
53 1378 23426 292825 2869685 22957480 154143080 886322710 4431613550 19499099620 
54 1431 24804 316251 3162510 25827165 177100560 1040465790 5317936260 23930713170 
55 1485 26235 341055 3478761 28989675 202927725 1217566350 6358402050 29248649430 
56 1540 27720 367290 3819816 32468436 231917400 1420494075 7575968400 35607051480 
57 1596 29260 395010 4187106 36288252 264385836 1652411475 8996462475 43183019880 
58 1653 30856 424270 4582116 40475358 300674088 1916797311 10648873950 52179482355 
59 1711 32509 455126 5006386 45057474 341149446 2217471399 12565671261 62828356305 
60 1770 34220 487635 5461512 50063860 386206920 2558620845 14783142660 75394027566 
61 1830 35990 521855 5949147 55525372 436270780 2944827765 17341763505 90177170226 
62 1891 37820 557845 6471002 61474519 491796152 3381098545 20286591270 107518933731 
63 1953 39711 595665 7028847 67945521 553270671 3872894697 23667689815 127805525001 
64 2016 41664 635376 7624512 74974368 621216192 4426165368 27540584512 151473214816 
65 2080 43680 677040 8259888 82598880 696190560 5047381560 31966749880 179013799328 
66 2145 45760 720720 8936928 90858768 778789440 5743572120 37014131440 210980549208 
67 2211 47905 766480 9657648 99795696 869648208 6522361560 42757703560 247994680648 
68 2278 50116 814385 10424128 109453344 969443904 7392009768 49280065120 290752384208 
69 2346 52394 864501 11238513 119877472 1078897248 8361453672 56672074888 340032449328 
70 2415 54740 916895 12103014 131115985 1198774720 9440350920 65033528560 396704524216 
71 2485 57155 971635 13019909 143218999 1329890705 10639125640 74473879480 461738052776 
72 2556 59640 1028790 13991544 156238908 1473109704 11969016345 85113005120 536211932256 
73 2628 62196 1088430 15020334 170230452 1629348612 13442126049 97082021465 621324937376 
74 2701 64824 1150626 16108764 185250786 1799579064 15071474661 110524147514 718406958841 
75 2775 67525 1215450 17259390 201359550 1984829850 16871053725 125595622175 828931106355 
76 2850 70300 1282975 18474840 218618940 2186189400 18855883575 142466675900 954526728530 
77 2926 73150 1353275 19757815 237093780 2404808340 21042072975 161322559475 1096993404430 
78 3003 76076 1426425 21111090 256851595 2641902120 23446881315 182364632450 1258315963905 
79 3081 79079 1502501 22537515 277962685 2898753715 26088783435 205811513765 1440680596355 
