         1          0          0          0          0 
         1          1          0          0          0 
         1          2          1          0          0 
         1          3          3          1          0 
         1          4          6          4          1 
         1          5         10         10          5 
         1          6         15         20         15 
         1          7         21         35         35 
         1          8         28         56         70 
         1          9         36         84        126 
         1         10         45        120        210 
         1         11         55        165        330 
         1         12         66        220        495 
         1         13         78        286        715 
         1         14         91        364       1001 
         1         15        105        455       1365 
         1         16        120        560       1820 
         1         17        136        680       2380 
         1         18        153        816       3060 
         1         19        171        969       3876 
         1         20        190       1140       4845 
         1         21        210       1330       5985 
         1         22        231       1540       7315 
         1         23        253       1771       8855 
         1         24        276       2024      10626 
         1         25        300       2300      12650 
         1         26        325       2600      14950 
         1         27        351       2925      17550 
         1         28        378       3276      20475 
         1         29        406       3654      23751 
         1         30        435       4060      27405 
         1         31        465       4495      31465 
         1         32        496       4960      35960 
         1         33        528       5456      40920 
         1         34        561       5984      46376 
         1         35        595       6545      52360 
         1         36        630       7140      58905 
         1         37        666       7770      66045 
         1         38        703       8436      73815 
         1         39        741       9139      82251 
         1         40        780       9880      91390 
         1         41        820      10660     101270 
         1         42        861      11480     111930 
         1         43        903      12341     123410 
         1         44        946      13244     135751 
         1         45        990      14190     148995 
         1         46       1035      15180     163185 
         1         47       1081      16215     178365 
         1         48       1128      17296     194580 
         1         49       1176      18424     211876 
         1         50       1225      19600     230300 
         1         51       1275      20825     249900 
         1         52       1326      22100     270725 
         1         53       1378      23426     292825 
         1         54       1431      24804     316251 
         1         55       1485      26235     341055 
         1         56       1540      27720     367290 
         1         57       1596      29260     395010 
         1         58       1653      30856     424270 
         1         59       1711      32509     455126 
         1         60       1770      34220     487635 
         1         61       1830      35990     521855 
         1         62       1891      37820     557845 
         1         63       1953      39711     595665 
         1         64       2016      41664     635376 
         1         65       2080      43680     677040 
         1         66       2145      45760     720720 
         1         67       2211      47905     766480 
         1         68       2278      50116     814385 
         1         69       2346      52394     864501 
         1         70       2415      54740     916895 
         1         71       2485      57155     971635 
         1         72       2556      59640    1028790 
         1         73       2628      62196    1088430 
         1         74       2701      64824    1150626 
         1         75       2775      67525    1215450 
         1         76       2850      70300    1282975 
         1         77       2926      73150    1353275 
         1         78       3003      76076    1426425 
         1         79       3081      79079    1502501 
         1         80       3160      82160    1581580 
         1         81       3240      85320    1663740 
         1         82       3321      88560    1749060 
         1         83       3403      91881    1837620 
         1         84       3486      95284    1929501 
         1         85       3570      98770    2024785 
         1         86       3655     102340    2123555 
         1         87       3741     105995    2225895 
         1         88       3828     109736    2331890 
         1         89       3916     113564    2441626 
         1         90       4005     117480    2555190 
         1         91       4095     121485    2672670 
         1         92       4186     125580    2794155 
         1         93       4278     129766    2919735 
         1         94       4371     134044    3049501 
         1         95       4465     138415    3183545 
         1         96       4560     142880    3321960 
         1         97       4656     147440    3464840 
         1         98       4753     152096    3612280 
         1         99       4851     156849    3764376 
         1        100       4950     161700    3921225 
         1        101       5050     166650    4082925 
         1        102       5151     171700    4249575 
         1        103       5253     176851    4421275 
         1        104       5356     182104    4598126 
         1        105       5460     187460    4780230 
         1        106       5565     192920    4967690 
         1        107       5671     198485    5160610 
         1        108       5778     204156    5359095 
         1        109       5886     209934    5563251 
         1        110       5995     215820    5773185 
         1        111       6105     221815    5989005 
         1        112       6216     227920    6210820 
         1        113       6328     234136    6438740 
         1        114       6441     240464    6672876 
         1        115       6555     246905    6913340 
         1        116       6670     253460    7160245 
         1        117       6786     260130    7413705 
         1        118       6903     266916    7673835 
         1        119       7021     273819    7940751 
         1        120       7140     280840    8214570 
         1        121       7260     287980    8495410 
         1        122       7381     295240    8783390 
         1        123       7503     302621    9078630 
         1        124       7626     310124    9381251 
         1        125       7750     317750    9691375 
         1        126       7875     325500   10009125 
         1        127       8001     333375   10334625 
         1        128       8128     341376   10668000 
         1        129       8256     349504   11009376 
         1        130       8385     357760   11358880 
         1        131       8515     366145   11716640 
         1        132       8646     374660   12082785 
         1        133       8778     383306   12457445 
         1        134       8911     392084   12840751 
         1        135       9045     400995   13232835 
         1        136       9180     410040   13633830 
         1        137       9316     419220   14043870 
         1        138       9453     428536   14463090 
         1        139       9591     437989   14891626 
         1        140       9730     447580   15329615 
         1        141       9870     457310   15777195 
         1        142      10011     467180   16234505 
         1        143      10153     477191   16701685 
         1        144      10296     487344   17178876 
         1        145      10440     497640   17666220 
         1        146      10585     508080   18163860 
         1        147      10731     518665   18671940 
         1        148      10878     529396   19190605 
         1        149      11026     540274   19720001 
         1        150      11175     551300   20260275 
         1        151      11325     562475   20811575 
         1        152      11476     573800   21374050 
         1        153      11628     585276   21947850 
         1        154      11781     596904   22533126 
         1        155      11935     608685   23130030 
         1        156      12090     620620   23738715 
         1        157      12246     632710   24359335 
         1        158      12403     644956   24992045 
         1        159      12561     657359   25637001 
         1        160      12720     669920   26294360 
         1        161      12880     682640   26964280 
         1        162      13041     695520   27646920 
         1        163      13203     708561   28342440 
         1        164      13366     721764   29051001 
         1        165      13530     735130   29772765 
         1        166      13695     748660   30507895 
         1        167      13861     762355   31256555 
         1        168      14028     776216   32018910 
         1        169      14196     790244   32795126 
         1        170      14365     804440   33585370 
         1        171      14535     818805   34389810 
         1        172      14706     833340   35208615 
         1        173      14878     848046   36041955 
         1        174      15051     862924   36890001 
         1        175      15225     877975   37752925 
         1        176      15400     893200   38630900 
         1        177      15576     908600   39524100 
         1        178      15753     924176   40432700 
         1        179      15931     939929   41356876 
         1        180      16110     955860   42296805 
         1        181      16290     971970   43252665 
         1        182      16471     988260   44224635 
         1        183      16653    1004731   45212895 
         1        184      16836    1021384   46217626 
         1        185      17020    1038220   47239010 
         1        186      17205    1055240   48277230 
         1        187      17391    1072445   49332470 
         1        188      17578    1089836   50404915 
         1        189      17766    1107414   51494751 
         1        190      17955    1125180   52602165 
         1        191      18145    1143135   53727345 
         1        192      18336    1161280   54870480 
         1        193      18528    1179616   56031760 
         1        194      18721    1198144   57211376 
         1        195      18915    1216865   58409520 
         1        196      19110    1235780   59626385 
         1        197      19306    1254890   60862165 
         1        198      19503    1274196   62117055 
         1        199      19701    1293699   63391251 
         1        200      19900    1313400   64684950 
         1        201      20100    1333300   65998350 
         1        202      20301    1353400   67331650 
         1        203      20503    1373701   68685050 
         1        204      20706    1394204   70058751 
         1        205      20910    1414910   71452955 
         1        206      21115    1435820   72867865 
         1        207      21321    1456935   74303685 
         1        208      21528    1478256   75760620 
         1        209      21736    1499784   77238876 
         1        210      21945    1521520   78738660 
         1        211      22155    1543465   80260180 
         1        212      22366    1565620   81803645 
         1        213      22578    1587986   83369265 
         1        214      22791    1610564   84957251 
         1        215      23005    1633355   86567815 
         1        216      23220    1656360   88201170 
         1        217      23436    1679580   89857530 
         1        218      23653    1703016   91537110 
         1        219      23871    1726669   93240126 
         1        220      24090    1750540   94966795 
         1        221      24310    1774630   96717335 
         1        222      24531    1798940   98491965 
         1        223      24753    1823471  100290905 
         1        224      24976    1848224  102114376 
         1        225      25200    1873200  103962600 
         1        226      25425    1898400  105835800 
         1        227      25651    1923825  107734200 
         1        228      25878    1949476  109658025 
         1        229      26106    1975354  111607501 
         1        230      26335    2001460  113582855 
         1        231      26565    2027795  115584315 
         1        232      26796    2054360  117612110 
         1        233      27028    2081156  119666470 
         1        234      27261    2108184  121747626 
         1        235      27495    2135445  123855810 
         1        236      27730    2162940  125991255 
         1        237      27966    2190670  128154195 
         1        238      28203    2218636  130344865 
         1        239      28441    2246839  132563501 
         1        240      28680    2275280  134810340 
         1        241      28920    2303960  137085620 
         1        242      29161    2332880  139389580 
         1        243      29403    2362041  141722460 
         1        244      29646    2391444  144084501 
         1        245      29890    2421090  146475945 
         1        246      30135    2450980  148897035 
         1        247      30381    2481115  151348015 
         1        248      30628    2511496  153829130 
         1        249      30876    2542124  156340626 
         1        250      31125    2573000  158882750 
         1        251      31375    2604125  161455750 
         1        252      31626    2635500  164059875 
         1        253      31878    2667126  166695375 
         1        254      32131    2699004  169362501 
         1        255      32385    2731135  172061505 
         1        256      32640    2763520  174792640 
         1        257      32896    2796160  177556160 
         1        258      33153    2829056  180352320 
         1        259      33411    2862209  183181376 
         1        260      33670    2895620  186043585 
         1        261      33930    2929290  188939205 
         1        262      34191    2963220  191868495 
         1        263      34453    2997411  194831715 
         1        264      34716    3031864  197829126 
         1        265      34980    3066580  200860990 
         1        266      35245    3101560  203927570 
         1        267      35511    3136805  207029130 
         1        268      35778    3172316  210165935 
         1        269      36046    3208094  213338251 
         1        270      36315    3244140  216546345 
         1        271      36585    3280455  219790485 
         1        272      36856    3317040  223070940 
         1        273      37128    3353896  226387980 
         1        274      37401    3391024  229741876 
         1        275      37675    3428425  233132900 
         1        276      37950    3466100  236561325 
         1        277      38226    3504050  240027425 
         1        278      38503    3542276  243531475 
         1        279      38781    3580779  247073751 
         1        280      39060    3619560  250654530 
         1        281      39340    3658620  254274090 
         1        282      39621    3697960  257932710 
         1        283      39903    3737581  261630670 
         1        284      40186    3777484  265368251 
         1        285      40470    3817670  269145735 
         1        286      40755    3858140  272963405 
         1        287      41041    3898895  276821545 
         1        288      41328    3939936  280720440 
         1        289      41616    3981264  284660376 
         1        290      41905    4022880  288641640 
         1        291      42195    4064785  292664520 
         1        292      42486    4106980  296729305 
         1        293      42778    4149466  300836285 
         1        294      43071    4192244  304985751 
         1        295      43365    4235315  309177995 
         1        296      43660    4278680  313413310 
         1        297      43956    4322340  317691990 
         1        298      44253    4366296  322014330 
         1        299      44551    4410549  326380626 
         1        300      44850    4455100  330791175 
         1        301      45150    4499950  335246275 
         1        302      45451    4545100  339746225 
         1        303      45753    4590551  344291325 
         1        304      46056    4636304  348881876 
         1        305      46360    4682360  353518180 
         1        306      46665    4728720  358200540 
         1        307      46971    4775385  362929260 
         1        308      47278    4822356  367704645 
         1        309      47586    4869634  372527001 
         1        310      47895    4917220  377396635 
         1        311      48205    4965115  382313855 
         1        312      48516    5013320  387278970 
         1        313      48828    5061836  392292290 
         1        314      49141    5110664  397354126 
         1        315      49455    5159805  402464790 
         1        316      49770    5209260  407624595 
         1        317      50086    5259030  412833855 
         1        318      50403    5309116  418092885 
         1        319      50721    5359519  423402001 
         1        320      51040    5410240  428761520 
         1        321      51360    5461280  434171760 
         1        322      51681    5512640  439633040 
         1        323      52003    5564321  445145680 
         1        324      52326    5616324  450710001 
         1        325      52650    5668650  456326325 
         1        326      52975    5721300  461994975 
         1        327      53301    5774275  467716275 
         1        328      53628    5827576  473490550 
         1        329      53956    5881204  479318126 
         1        330      54285    5935160  485199330 
         1        331      54615    5989445  491134490 
         1        332      54946    6044060  497123935 
         1        333      55278    6099006  503167995 
         1        334      55611    6154284  509267001 
         1        335      55945    6209895  515421285 
         1        336      56280    6265840  521631180 
         1        337      56616    6322120  527897020 
         1        338      56953    6378736  534219140 
         1        339      57291    6435689  540597876 
         1        340      57630    6492980  547033565 
         1        341      57970    6550610  553526545 
         1        342      58311    6608580  560077155 
         1        343      58653    6666891  566685735 
         1        344      58996    6725544  573352626 
         1        345      59340    6784540  580078170 
         1        346      59685    6843880  586862710 
         1        347      60031    6903565  593706590 
         1        348      60378    6963596  600610155 
         1        349      60726    7023974  607573751 
         1        350      61075    7084700  614597725 
         1        351      61425    7145775  621682425 
         1        352      61776    7207200  628828200 
         1        353      62128    7268976  636035400 
         1        354      62481    7331104  643304376 
         1        355      62835    7393585  650635480 
         1        356      63190    7456420  658029065 
         1        357      63546    7519610  665485485 
         1        358      63903    7583156  673005095 
         1        359      64261    7647059  680588251 
         1        360      64620    7711320  688235310 
         1        361      64980    7775940  695946630 
         1        362      65341    7840920  703722570 
         1        363      65703    7906261  711563490 
         1        364      66066    7971964  719469751 
         1        365      66430    8038030  727441715 
         1        366      66795    8104460  735479745 
         1        367      67161    8171255  743584205 
         1        368      67528    8238416  751755460 
         1        369      67896    8305944  759993876 
         1        370      68265    8373840  768299820 
         1        371      68635    8442105  776673660 
         1        372      69006    8510740  785115765 
         1        373      69378    8579746  793626505 
         1        374      69751    8649124  802206251 
         1        375      70125    8718875  810855375 
         1        376      70500    8789000  819574250 
         1        377      70876    8859500  828363250 
         1        378      71253    8930376  837222750 
         1        379      71631    9001629  846153126 
         1        380      72010    9073260  855154755 
         1        381      72390    9145270  864228015 
         1        382      72771    9217660  873373285 
         1        383      73153    9290431  882590945 
         1        384      73536    9363584  891881376 
         1        385      73920    9437120  901244960 
         1        386      74305    9511040  910682080 
         1        387      74691    9585345  920193120 
         1        388      75078    9660036  929778465 
         1        389      75466    9735114  939438501 
         1        390      75855    9810580  949173615 
         1        391      76245    9886435  958984195 
         1        392      76636    9962680  968870630 
         1        393      77028   10039316  978833310 
         1        394      77421   10116344  988872626 
         1        395      77815   10193765  998988970 
         1        396      78210   10271580 1009182735 
         1        397      78606   10349790 1019454315 
         1        398      79003   10428396 1029804105 
         1        399      79401   10507399 1040232501 
         1        400      79800   10586800 1050739900 
