1 1 2 1 1 1 0           0.020 2.000 +0.000000E+000 +0.00000E+000 +0.00000E+000
2 1 15 1 1 1 0       0.020 2.000 +0.000000E+000 +0.00000E+000 +0.00000E+000 
3 1 16 1 1 1 0      0.020 2.000 +0.000000E+000 +0.00000E+000 +0.00000E+000 
4 1 17 1 1 1 0      0.020 2.000 +0.000000E+000 +0.00000E+000 +0.00000E+000 
5 2 1 1 1 2 0       0.020 2.000 +0.000000E+000 +0.00000E+000 +0.00000E+000
6 2 3 1 1 2 0       0.020 2.000 +0.000000E+000 +0.00000E+000 +0.00000E+000
7 5 4 1 1 5 0       0.020 2.000 +0.000000E+000 +0.00000E+000 +0.00000E+000
8 5 6 1 1 5 0       0.020 2.000 +0.000000E+000 +0.00000E+000 +0.00000E+000
9 6 4 1 1 6 0        0.020 2.000 +0.000000E+000 +0.00000E+000 +0.00000E+000
10 6 5 1 1 6 0       0.020 2.000 +0.000000E+000 +0.00000E+000 +0.00000E+000 
11 6 7 1 1 6 0       0.020 2.000 +0.000000E+000 +0.00000E+000 +0.00000E+000 
12 6 8 1 1 6 0       0.020 2.000 +0.000000E+000 +0.00000E+000 +0.00000E+000 
13 9 8 1 1 9 0       0.020 2.000 +0.000000E+000 +0.00000E+000 +0.00000E+000 
14 9 10 1 1 9 0       0.020 2.000 +0.000000E+000 +0.00000E+000 +0.00000E+000  
15 9 11 1 1 9 0      0.020 2.000 +0.000000E+000 +0.00000E+000 +0.00000E+000  
16 9 12 1 1 9 0      0.020 2.000 +0.000000E+000 +0.00000E+000 +0.00000E+000  
17 9 13 1 1 9 0       0.020 2.000 +0.000000E+000 +0.00000E+000 +0.00000E+000  
18 9 55 1 1 9 0       0.020 2.000 +0.000000E+000 +0.00000E+000 +0.00000E+000  
19 10 9 1 1 10 0      0.020 2.000 +0.000000E+000 +0.00000E+000 +0.00000E+000
20 10 12 1 1 10 0     0.020 2.000 +0.000000E+000 +0.00000E+000 +0.00000E+000 
21 10 51 1 1 10 0     0.020 2.000 +0.000000E+000 +0.00000E+000 +0.00000E+000 
22 11 9 1 1 11 0      0.020 2.000 +0.000000E+000 +0.00000E+000 +0.00000E+000
23 11 13 1 1 11 0     0.020 2.000 +0.000000E+000 +0.00000E+000 +0.00000E+000 
24 11 41 1 1 11 0    0.020 2.000 +0.000000E+000 +0.00000E+000 +0.00000E+000 
25 11 43 1 1 11 0     0.020 2.000 +0.000000E+000 +0.00000E+000 +0.00000E+000 
26 12 9 1 1 12 0      0.020 2.000 +0.000000E+000 +0.00000E+000 +0.00000E+000
27 12 10 1 1 12 0     0.020 2.000 +0.000000E+000 +0.00000E+000 +0.00000E+000 
28 12 13 1 1 12 0    0.020 2.000 +0.000000E+000 +0.00000E+000 +0.00000E+000 
29 12 16 1 1 12 0    0.020 2.000 +0.000000E+000 +0.00000E+000 +0.00000E+000 
30 12 17 1 1 12 0     0.020 2.000 +0.000000E+000 +0.00000E+000 +0.00000E+000 
31 13 9 1 1 13 0      0.020 2.000 +0.000000E+000 +0.00000E+000 +0.00000E+000
32 13 11 1 1 13 0     0.020 2.000 +0.000000E+000 +0.00000E+000 +0.00000E+000 
33 13 12 1 1 13 0     0.020 2.000 +0.000000E+000 +0.00000E+000 +0.00000E+000 
34 13 14 1 1 13 0     0.020 2.000 +0.000000E+000 +0.00000E+000 +0.00000E+000 
35 13 15 1 1 13 0     0.020 2.000 +0.000000E+000 +0.00000E+000 +0.00000E+000 
36 13 49 1 1 13 0     0.020 2.000 +0.000000E+000 +0.00000E+000 +0.00000E+000 
37 14 13 1 1 14 0     0.020 2.000 +0.000000E+000 +0.00000E+000 +0.00000E+000 
38 14 15 1 1 14 0     0.020 2.000 +0.000000E+000 +0.00000E+000 +0.00000E+000 
39 14 46 1 1 14 0     0.020 2.000 +0.000000E+000 +0.00000E+000 +0.00000E+000 
40 15 1 1 1 15 0      0.020 2.000 +0.000000E+000 +0.00000E+000 +0.00000E+000
41 15 3 1 1 15 0      0.020 2.000 +0.000000E+000 +0.00000E+000 +0.00000E+000
42 15 13 1 1 15 0     0.020 2.000 +0.000000E+000 +0.00000E+000 +0.00000E+000 
43 15 14 1 1 15 0     0.020 2.000 +0.000000E+000 +0.00000E+000 +0.00000E+000 
44 15 45 1 1 15 0     0.020 2.000 +0.000000E+000 +0.00000E+000 +0.00000E+000 
45 16 1 1 1 16 0      0.020 2.000 +0.000000E+000 +0.00000E+000 +0.00000E+000
46 16 12 1 1 16 0     0.020 2.000 +0.000000E+000 +0.00000E+000 +0.00000E+000 
47 17 1 1 1 17 0      0.020 2.000 +0.000000E+000 +0.00000E+000 +0.00000E+000
48 17 12 1 1 17 0     0.020 2.000 +0.000000E+000 +0.00000E+000 +0.00000E+000 
49 18 4 1 1 18 0      0.020 2.000 +0.000000E+000 +0.00000E+000 +0.00000E+000
50 18 19 1 1 18 0     0.020 2.000 +0.000000E+000 +0.00000E+000 +0.00000E+000 
51 19 18 1 1 19 0     0.020 2.000 +0.000000E+000 +0.00000E+000 +0.00000E+000 
52 19 20 1 1 19 0     0.020 2.000 +0.000000E+000 +0.00000E+000 +0.00000E+000 
53 22 21 1 1 22 0     0.020 2.000 +0.000000E+000 +0.00000E+000 +0.00000E+000 
54 22 23 1 1 22 0     0.020 2.000 +0.000000E+000 +0.00000E+000 +0.00000E+000 
55 22 38 1 1 22 0     0.020 2.000 +0.000000E+000 +0.00000E+000 +0.00000E+000 
56 23 22 1 1 23 0     0.020 2.000 +0.000000E+000 +0.00000E+000 +0.00000E+000 
57 23 24 1 1 23 0     0.020 2.000 +0.000000E+000 +0.00000E+000 +0.00000E+000 
58 24 23 1 1 24 0     0.020 2.000 +0.000000E+000 +0.00000E+000 +0.00000E+000 
59 24 25 1 1 24 0     0.020 2.000 +0.000000E+000 +0.00000E+000 +0.00000E+000 
60 24 26 1 1 24 0     0.020 2.000 +0.000000E+000 +0.00000E+000 +0.00000E+000 
61 25 24 1 1 25 0     0.020 2.000 +0.000000E+000 +0.00000E+000 +0.00000E+000 
62 25 30 1 1 25 0     0.020 2.000 +0.000000E+000 +0.00000E+000 +0.00000E+000 
63 27 26 1 1 27 0     0.020 2.000 +0.000000E+000 +0.00000E+000 +0.00000E+000 
64 27 28 1 1 27 0     0.020 2.000 +0.000000E+000 +0.00000E+000 +0.00000E+000 
65 31 30 1 1 31 0     0.020 2.000 +0.000000E+000 +0.00000E+000 +0.00000E+000 
66 31 32 1 1 31 0     0.020 2.000 +0.000000E+000 +0.00000E+000 +0.00000E+000 
67 33 32 1 1 33 0     0.020 2.000 +0.000000E+000 +0.00000E+000 +0.00000E+000 
68 35 34 1 1 35 0     0.020 2.000 +0.000000E+000 +0.00000E+000 +0.00000E+000 
69 35 36 1 1 35 0     0.020 2.000 +0.000000E+000 +0.00000E+000 +0.00000E+000 
70 36 35 1 1 36 0     0.020 2.000 +0.000000E+000 +0.00000E+000 +0.00000E+000 
71 36 37 1 1 36 0     0.020 2.000 +0.000000E+000 +0.00000E+000 +0.00000E+000 
72 36 40 1 1 36 0     0.020 2.000 +0.000000E+000 +0.00000E+000 +0.00000E+000 
73 37 36 1 1 37 0     0.020 2.000 +0.000000E+000 +0.00000E+000 +0.00000E+000 
74 37 38 1 1 37 0     0.020 2.000 +0.000000E+000 +0.00000E+000 +0.00000E+000 
75 37 39 1 1 37 0     0.020 2.000 +0.000000E+000 +0.00000E+000 +0.00000E+000 
76 40 36 1 1 40 0     0.020 2.000 +0.000000E+000 +0.00000E+000 +0.00000E+000 
77 40 56 1 1 40 0    0.020 2.000 +0.000000E+000 +0.00000E+000 +0.00000E+000 
78 42 41 1 1 42 0    0.020 2.000 +0.000000E+000 +0.00000E+000 +0.00000E+000 
79 42 56 1 1 42 0    0.020 2.000 +0.000000E+000 +0.00000E+000 +0.00000E+000 
80 44 38 1 1 44 0    0.020 2.000 +0.000000E+000 +0.00000E+000 +0.00000E+000 
81 44 45 1 1 44 0    0.020 2.000 +0.000000E+000 +0.00000E+000 +0.00000E+000 
82 45 15 1 1 45 0    0.020 2.000 +0.000000E+000 +0.00000E+000 +0.00000E+000 
83 45 44 1 1 45 0    0.020 2.000 +0.000000E+000 +0.00000E+000 +0.00000E+000 
84 46 14 1 1 46 0    0.020 2.000 +0.000000E+000 +0.00000E+000 +0.00000E+000 
85 46 47 1 1 46 0    0.020 2.000 +0.000000E+000 +0.00000E+000 +0.00000E+000 
86 47 46 1 1 47 0    0.020 2.000 +0.000000E+000 +0.00000E+000 +0.00000E+000 
87 47 48 1 1 47 0    0.020 2.000 +0.000000E+000 +0.00000E+000 +0.00000E+000 
88 48 38 1 1 48 0    0.020 2.000 +0.000000E+000 +0.00000E+000 +0.00000E+000 
89 48 47 1 1 48 0    0.020 2.000 +0.000000E+000 +0.00000E+000 +0.00000E+000 
90 48 49 1 1 48 0    0.020 2.000 +0.000000E+000 +0.00000E+000 +0.00000E+000 
91 49 13 1 1 49 0    0.020 2.000 +0.000000E+000 +0.00000E+000 +0.00000E+000 
92 49 38 1 1 49 0    0.020 2.000 +0.000000E+000 +0.00000E+000 +0.00000E+000 
93 49 48 1 1 49 0    0.020 2.000 +0.000000E+000 +0.00000E+000 +0.00000E+000 
94 49 50 1 1 49 0    0.020 2.000 +0.000000E+000 +0.00000E+000 +0.00000E+000 
95 50 49 1 1 50 0    0.020 2.000 +0.000000E+000 +0.00000E+000 +0.00000E+000 
96 50 51 1 1 50 0    0.020 2.000 +0.000000E+000 +0.00000E+000 +0.00000E+000 
97 52 29 1 1 52 0    0.020 2.000 +0.000000E+000 +0.00000E+000 +0.00000E+000 
98 52 53 1 1 52 0    0.020 2.000 +0.000000E+000 +0.00000E+000 +0.00000E+000 
99 53 52 1 1 53 0    0.020 2.000 +0.000000E+000 +0.00000E+000 +0.00000E+000 
100 53 54 1 1 53 0    0.020 2.000 +0.000000E+000 +0.00000E+000 +0.00000E+000  
101 54 53 1 1 54 0    0.020 2.000 +0.000000E+000 +0.00000E+000 +0.00000E+000  
102 54 55 1 1 54 0    0.020 2.000 +0.000000E+000 +0.00000E+000 +0.00000E+000  
103 55 9 1 1 55 0     0.020 2.000 +0.000000E+000 +0.00000E+000 +0.00000E+000 
104 55 54 1 1 55 0    0.020 2.000 +0.000000E+000 +0.00000E+000 +0.00000E+000  
105 56 40 1 1 56 0     0.020 2.000 +0.000000E+000 +0.00000E+000 +0.00000E+000
106 56 41 1 1 56 0     0.020 2.000 +0.000000E+000 +0.00000E+000 +0.00000E+000
107 56 42 1 1 56 0     0.020 2.000 +0.000000E+000 +0.00000E+000 +0.00000E+000
108 56 57 1 1 56 0     0.020 2.000 +0.000000E+000 +0.00000E+000 +0.00000E+000
109 57 39 1 1 57 0     0.020 2.000 +0.000000E+000 +0.00000E+000 +0.00000E+000
110 57 56 1 1 57 0     0.020 2.000 +0.000000E+000 +0.00000E+000 +0.00000E+000
111 1 1 1 2 1 0        0.020 2.000 +0.000000E+000 +0.00000E+000 +0.00000E+000
112 2 2 1 2 2 0        0.020 2.000 +0.000000E+000 +0.00000E+000 +0.00000E+000
113 5 5 1 2 5 0        0.020 2.000 +0.000000E+000 +0.00000E+000 +0.00000E+000
114 6 6 1 2 6 0        0.020 2.000 +0.000000E+000 +0.00000E+000 +0.00000E+000
115 9 9 1 2 9 0        0.020 2.000 +0.000000E+000 +0.00000E+000 +0.00000E+000
116 10 10 1 2 10 0     0.020 2.000 +0.000000E+000 +0.00000E+000 +0.00000E+000
117 11 11 1 2 11 0     0.020 2.000 +0.000000E+000 +0.00000E+000 +0.00000E+000
118 12 12 1 2 12 0     0.020 2.000 +0.000000E+000 +0.00000E+000 +0.00000E+000
119 13 13 1 2 13 0     0.020 2.000 +0.000000E+000 +0.00000E+000 +0.00000E+000
120 14 14 1 2 14 0     0.020 2.000 +0.000000E+000 +0.00000E+000 +0.00000E+000
121 15 15 1 2 15 0     0.020 2.000 +0.000000E+000 +0.00000E+000 +0.00000E+000
122 16 16 1 2 16 0     0.020 2.000 +0.000000E+000 +0.00000E+000 +0.00000E+000
123 17 17 1 2 17 0     0.020 2.000 +0.000000E+000 +0.00000E+000 +0.00000E+000
124 18 18 1 2 18 0     0.020 2.000 +0.000000E+000 +0.00000E+000 +0.00000E+000
125 19 19 1 2 19 0     0.020 2.000 +0.000000E+000 +0.00000E+000 +0.00000E+000
126 22 22 1 2 22 0     0.020 2.000 +0.000000E+000 +0.00000E+000 +0.00000E+000
127 23 23 1 2 23 0     0.020 2.000 +0.000000E+000 +0.00000E+000 +0.00000E+000
128 24 24 1 2 24 0     0.020 2.000 +0.000000E+000 +0.00000E+000 +0.00000E+000
129 25 25 1 2 25 0     0.020 2.000 +0.000000E+000 +0.00000E+000 +0.00000E+000
130 27 27 1 2 27 0     0.020 2.000 +0.000000E+000 +0.00000E+000 +0.00000E+000
131 31 31 1 2 31 0     0.020 2.000 +0.000000E+000 +0.00000E+000 +0.00000E+000
132 33 33 1 2 33 0     0.020 2.000 +0.000000E+000 +0.00000E+000 +0.00000E+000
133 35 35 1 2 35 0     0.020 2.000 +0.000000E+000 +0.00000E+000 +0.00000E+000
134 36 36 1 2 36 0     0.020 2.000 +0.000000E+000 +0.00000E+000 +0.00000E+000
135 37 37 1 2 37 0     0.020 2.000 +0.000000E+000 +0.00000E+000 +0.00000E+000
136 40 40 1 2 40 0     0.020 2.000 +0.000000E+000 +0.00000E+000 +0.00000E+000
137 42 42 1 2 42 0     0.020 2.000 +0.000000E+000 +0.00000E+000 +0.00000E+000
138 44 44 1 2 44 0     0.020 2.000 +0.000000E+000 +0.00000E+000 +0.00000E+000
139 45 45 1 2 45 0     0.020 2.000 +0.000000E+000 +0.00000E+000 +0.00000E+000
140 46 46 1 2 46 0     0.020 2.000 +0.000000E+000 +0.00000E+000 +0.00000E+000
141 47 47 1 2 47 0     0.020 2.000 +0.000000E+000 +0.00000E+000 +0.00000E+000
142 48 48 1 2 48 0     0.020 2.000 +0.000000E+000 +0.00000E+000 +0.00000E+000
143 49 49 1 2 49 0     0.020 2.000 +0.000000E+000 +0.00000E+000 +0.00000E+000
144 50 50 1 2 50 0     0.020 2.000 +0.000000E+000 +0.00000E+000 +0.00000E+000
145 52 52 1 2 52 0     0.020 2.000 +0.000000E+000 +0.00000E+000 +0.00000E+000
146 53 53 1 2 53 0     0.020 2.000 +0.000000E+000 +0.00000E+000 +0.00000E+000
147 54 54 1 2 54 0     0.020 2.000 +0.000000E+000 +0.00000E+000 +0.00000E+000
148 55 55 1 2 55 0     0.020 2.000 +0.000000E+000 +0.00000E+000 +0.00000E+000
149 56 56 1 2 56 0     0.020 2.000 +0.000000E+000 +0.00000E+000 +0.00000E+000
150 57 57 1 2 57 0     0.020 2.000 +0.000000E+000 +0.00000E+000 +0.00000E+000