1 1 2 1 1 1 0
2 1 16 1 1 1 0
3 2 1 1 1 2 0
4 2 3 1 1 2 0
5 3 2 1 1 3 0
6 3 4 1 1 3 0
7 4 5 1 1 4 0
8 4 6 1 1 4 0
9 4 18 1 1 4 0
10 5 4 1 1 5 0
11 6 7 1 1 6 0
12 6 8 1 1 6 0
13 7 8 1 1 7 0
14 7 29 1 1 7 0
15 8 6 1 1 8 0
16 8 7 1 1 8 0
17 9 55 1 1 9 0
18 10 51 1 1 10 0
19 11 13 1 1 11 0
20 11 41 1 1 11 0
21 12 10 1 1 12 0
22 12 13 1 1 12 0
23 12 16 1 1 12 0
24 13 9 1 1 13 0
25 13 11 1 1 13 0
26 13 15 1 1 13 0
27 14 46 1 1 14 0
28 15 1 1 1 15 0
29 15 3 1 1 15 0
30 15 13 1 1 15 0
31 15 14 1 1 15 0
32 15 45 1 1 15 0
33 16 12 1 1 16 0
34 17 12 1 1 17 0
35 19 18 1 1 19 0
36 19 20 1 1 19 0
37 22 21 1 1 22 0
38 22 23 1 1 22 0
39 23 24 1 1 23 0
40 24 23 1 1 24 0
41 24 26 1 1 24 0
42 25 24 1 1 25 0
43 26 24 1 1 26 0
44 27 26 1 1 27 0
45 28 29 1 1 28 0
46 29 28 1 1 29 0
47 29 52 1 1 29 0
48 30 25 1 1 30 0
49 32 33 1 1 32 0
50 33 32 1 1 33 0
51 34 32 1 1 34 0
52 36 35 1 1 36 0
53 36 37 1 1 36 0
54 37 36 1 1 37 0
55 37 38 1 1 37 0
56 37 39 1 1 37 0
57 38 44 1 1 38 0
58 38 48 1 1 38 0
59 38 49 1 1 38 0
60 39 57 1 1 39 0
61 41 42 1 1 41 0
62 42 56 1 1 42 0
63 43 11 1 1 43 0
64 44 38 1 1 44 0
65 44 45 1 1 44 0
66 45 15 1 1 45 0
67 46 14 1 1 46 0
68 47 48 1 1 47 0
69 48 49 1 1 48 0
70 49 13 1 1 49 0
71 49 38 1 1 49 0
72 49 48 1 1 49 0
73 50 49 1 1 50 0
74 51 10 1 1 51 0
75 55 54 1 1 55 0
76 56 41 1 1 56 0
77 0 2 1 2 2 0
78 0 6 1 2 6 0
79 0 8 1 2 8 0
80 0 9 1 2 9 0
81 0 11 1 2 11 0
82 0 14 1 2 14 0
83 0 15 1 2 15 0
84 0 17 1 2 17 0
85 0 18 1 2 18 0
86 0 20 1 2 20 0
87 0 24 1 2 24 0
88 0 26 1 2 26 0
89 0 28 1 2 28 0
90 0 30 1 2 30 0
91 0 32 1 2 32 0
92 0 35 1 2 35 0
93 0 36 1 2 36 0
94 0 39 1 2 39 0
95 0 40 1 2 40 0
96 0 41 1 2 41 0
97 0 42 1 2 42 0
98 0 45 1 2 45 0
99 0 48 1 2 48 0
100 0 49 1 2 49 0
101 0 50 1 2 50 0
102 0 52 1 2 52 0
103 0 54 1 2 54 0
104 0 55 1 2 55 0